FANN_FLO_2.1
num_layers=4
learning_rate=0.700000
connection_rate=1.000000
network_type=0
learning_momentum=0.000000
training_algorithm=2
train_error_function=1
train_stop_function=0
cascade_output_change_fraction=0.010000
quickprop_decay=-0.000100
quickprop_mu=1.750000
rprop_increase_factor=1.200000
rprop_decrease_factor=0.500000
rprop_delta_min=0.000000
rprop_delta_max=50.000000
rprop_delta_zero=0.100000
cascade_output_stagnation_epochs=12
cascade_candidate_change_fraction=0.010000
cascade_candidate_stagnation_epochs=12
cascade_max_out_epochs=150
cascade_min_out_epochs=50
cascade_max_cand_epochs=150
cascade_min_cand_epochs=50
cascade_num_candidate_groups=2
bit_fail_limit=3.49999994039535522461e-01
cascade_candidate_limit=1.00000000000000000000e+03
cascade_weight_multiplier=4.00000005960464477539e-01
cascade_activation_functions_count=10
cascade_activation_functions=3 5 7 8 10 11 14 15 16 17 
cascade_activation_steepnesses_count=4
cascade_activation_steepnesses=2.50000000000000000000e-01 5.00000000000000000000e-01 7.50000000000000000000e-01 1.00000000000000000000e+00 
layer_sizes=3 5 3 2 
scale_included=0
neurons (num_inputs, activation_function, activation_steepness)=(0, 0, 0.00000000000000000000e+00) (0, 0, 0.00000000000000000000e+00) (0, 0, 0.00000000000000000000e+00) (3, 4, 5.00000000000000000000e-01) (3, 4, 5.00000000000000000000e-01) (3, 4, 5.00000000000000000000e-01) (3, 4, 5.00000000000000000000e-01) (0, 0, 0.00000000000000000000e+00) (5, 4, 5.00000000000000000000e-01) (5, 4, 5.00000000000000000000e-01) (0, 0, 0.00000000000000000000e+00) (3, 4, 5.00000000000000000000e-01) (0, 0, 0.00000000000000000000e+00) 
connections (connected_to_neuron, weight)=(0, -5.24244832992553710938e+00) (1, -2.78985291719436645508e-01) (2, 4.22564685344696044922e-01) (0, -1.85583376884460449219e+00) (1, 2.52822756767272949219e-01) (2, 5.63486926257610321045e-02) (0, 2.24546718597412109375e+00) (1, 1.89795732498168945312e-01) (2, -2.59735107421875000000e-01) (0, 2.36058688163757324219e+00) (1, -2.37329483032226562500e-01) (2, 1.30026474595069885254e-01) (3, 4.89630985260009765625e+00) (4, 1.62064504623413085938e+00) (5, -2.06485342979431152344e+00) (6, -2.45862126350402832031e+00) (7, -8.34617614746093750000e-01) (3, 6.95908904075622558594e-01) (4, -2.63052999973297119141e-01) (5, -1.05471181869506835938e+00) (6, -2.91775315999984741211e-01) (7, 2.72799074649810791016e-01) (8, -5.49851989746093750000e+00) (9, -4.23502862453460693359e-01) (10, 8.76000002026557922363e-02) 
