FANN_FLO_2.1
num_layers=4
learning_rate=0.700000
connection_rate=1.000000
network_type=0
learning_momentum=0.000000
training_algorithm=2
train_error_function=1
train_stop_function=0
cascade_output_change_fraction=0.010000
quickprop_decay=-0.000100
quickprop_mu=1.750000
rprop_increase_factor=1.200000
rprop_decrease_factor=0.500000
rprop_delta_min=0.000000
rprop_delta_max=50.000000
rprop_delta_zero=0.100000
cascade_output_stagnation_epochs=12
cascade_candidate_change_fraction=0.010000
cascade_candidate_stagnation_epochs=12
cascade_max_out_epochs=150
cascade_min_out_epochs=50
cascade_max_cand_epochs=150
cascade_min_cand_epochs=50
cascade_num_candidate_groups=2
bit_fail_limit=3.49999994039535522461e-01
cascade_candidate_limit=1.00000000000000000000e+03
cascade_weight_multiplier=4.00000005960464477539e-01
cascade_activation_functions_count=10
cascade_activation_functions=3 5 7 8 10 11 14 15 16 17 
cascade_activation_steepnesses_count=4
cascade_activation_steepnesses=2.50000000000000000000e-01 5.00000000000000000000e-01 7.50000000000000000000e-01 1.00000000000000000000e+00 
layer_sizes=3 5 3 2 
scale_included=0
neurons (num_inputs, activation_function, activation_steepness)=(0, 0, 0.00000000000000000000e+00) (0, 0, 0.00000000000000000000e+00) (0, 0, 0.00000000000000000000e+00) (3, 4, 5.00000000000000000000e-01) (3, 4, 5.00000000000000000000e-01) (3, 4, 5.00000000000000000000e-01) (3, 4, 5.00000000000000000000e-01) (0, 0, 0.00000000000000000000e+00) (5, 4, 5.00000000000000000000e-01) (5, 4, 5.00000000000000000000e-01) (0, 0, 0.00000000000000000000e+00) (3, 4, 5.00000000000000000000e-01) (0, 0, 0.00000000000000000000e+00) 
connections (connected_to_neuron, weight)=(0, -5.36557340621948242188e+00) (1, -2.78985291719436645508e-01) (2, 3.65980029106140136719e-01) (0, -1.89541304111480712891e+00) (1, 2.52822756767272949219e-01) (2, 5.06356768310070037842e-02) (0, 2.29880952835083007812e+00) (1, 1.89795732498168945312e-01) (2, -2.48432099819183349609e-01) (0, 2.42080926895141601562e+00) (1, -2.37329483032226562500e-01) (2, 1.22737690806388854980e-01) (3, 5.00473070144653320312e+00) (4, 1.65509378910064697266e+00) (5, -2.12110114097595214844e+00) (6, -2.51870775222778320312e+00) (7, -8.48363518714904785156e-01) (3, 7.10192024707794189453e-01) (4, -2.55056440830230712891e-01) (5, -1.05422723293304443359e+00) (6, -2.90657937526702880859e-01) (7, 2.82362848520278930664e-01) (8, -5.67109775543212890625e+00) (9, -4.84312713146209716797e-01) (10, 5.27798477560281753540e-03) 
