FANN_FLO_2.1
num_layers=4
learning_rate=0.700000
connection_rate=1.000000
network_type=0
learning_momentum=0.000000
training_algorithm=2
train_error_function=1
train_stop_function=0
cascade_output_change_fraction=0.010000
quickprop_decay=-0.000100
quickprop_mu=1.750000
rprop_increase_factor=1.200000
rprop_decrease_factor=0.500000
rprop_delta_min=0.000000
rprop_delta_max=50.000000
rprop_delta_zero=0.100000
cascade_output_stagnation_epochs=12
cascade_candidate_change_fraction=0.010000
cascade_candidate_stagnation_epochs=12
cascade_max_out_epochs=150
cascade_min_out_epochs=50
cascade_max_cand_epochs=150
cascade_min_cand_epochs=50
cascade_num_candidate_groups=2
bit_fail_limit=3.49999994039535522461e-01
cascade_candidate_limit=1.00000000000000000000e+03
cascade_weight_multiplier=4.00000005960464477539e-01
cascade_activation_functions_count=10
cascade_activation_functions=3 5 7 8 10 11 14 15 16 17 
cascade_activation_steepnesses_count=4
cascade_activation_steepnesses=2.50000000000000000000e-01 5.00000000000000000000e-01 7.50000000000000000000e-01 1.00000000000000000000e+00 
layer_sizes=3 5 3 2 
scale_included=0
neurons (num_inputs, activation_function, activation_steepness)=(0, 0, 0.00000000000000000000e+00) (0, 0, 0.00000000000000000000e+00) (0, 0, 0.00000000000000000000e+00) (3, 4, 5.00000000000000000000e-01) (3, 4, 5.00000000000000000000e-01) (3, 4, 5.00000000000000000000e-01) (3, 4, 5.00000000000000000000e-01) (0, 0, 0.00000000000000000000e+00) (5, 4, 5.00000000000000000000e-01) (5, 4, 5.00000000000000000000e-01) (0, 0, 0.00000000000000000000e+00) (3, 4, 5.00000000000000000000e-01) (0, 0, 0.00000000000000000000e+00) 
connections (connected_to_neuron, weight)=(0, 5.45537353515625000000e+02) (1, 1.50000000000000000000e+03) (2, 5.46545654296875000000e+02) (0, 5.48160522460937500000e+02) (1, 1.50000000000000000000e+03) (2, 5.48857604980468750000e+02) (0, 5.49296813964843750000e+02) (1, 1.50000000000000000000e+03) (2, 5.48249877929687500000e+02) (0, 5.45281921386718750000e+02) (1, 1.50000000000000000000e+03) (2, 5.45289001464843750000e+02) (3, 5.08635437011718750000e+02) (4, 5.08104858398437500000e+02) (5, 5.08148803710937500000e+02) (6, 5.08080322265625000000e+02) (7, 5.07768218994140625000e+02) (3, -3.56379246711730957031e+00) (4, -4.06841278076171875000e+00) (5, -4.16036510467529296875e+00) (6, -3.23583817481994628906e+00) (7, -2.95365214347839355469e+00) (8, -1.98550760746002197266e+00) (9, 1.50000000000000000000e+03) (10, -3.18070673942565917969e+00) 
