FANN_FLO_2.1
num_layers=4
learning_rate=0.700000
connection_rate=1.000000
network_type=0
learning_momentum=0.000000
training_algorithm=2
train_error_function=1
train_stop_function=0
cascade_output_change_fraction=0.010000
quickprop_decay=-0.000100
quickprop_mu=1.750000
rprop_increase_factor=1.200000
rprop_decrease_factor=0.500000
rprop_delta_min=0.000000
rprop_delta_max=50.000000
rprop_delta_zero=0.100000
cascade_output_stagnation_epochs=12
cascade_candidate_change_fraction=0.010000
cascade_candidate_stagnation_epochs=12
cascade_max_out_epochs=150
cascade_min_out_epochs=50
cascade_max_cand_epochs=150
cascade_min_cand_epochs=50
cascade_num_candidate_groups=2
bit_fail_limit=3.49999994039535522461e-01
cascade_candidate_limit=1.00000000000000000000e+03
cascade_weight_multiplier=4.00000005960464477539e-01
cascade_activation_functions_count=10
cascade_activation_functions=3 5 7 8 10 11 14 15 16 17 
cascade_activation_steepnesses_count=4
cascade_activation_steepnesses=2.50000000000000000000e-01 5.00000000000000000000e-01 7.50000000000000000000e-01 1.00000000000000000000e+00 
layer_sizes=3 5 3 2 
scale_included=0
neurons (num_inputs, activation_function, activation_steepness)=(0, 0, 0.00000000000000000000e+00) (0, 0, 0.00000000000000000000e+00) (0, 0, 0.00000000000000000000e+00) (3, 4, 5.00000000000000000000e-01) (3, 4, 5.00000000000000000000e-01) (3, 4, 5.00000000000000000000e-01) (3, 4, 5.00000000000000000000e-01) (0, 0, 0.00000000000000000000e+00) (5, 4, 5.00000000000000000000e-01) (5, 4, 5.00000000000000000000e-01) (0, 0, 0.00000000000000000000e+00) (3, 4, 5.00000000000000000000e-01) (0, 0, 0.00000000000000000000e+00) 
connections (connected_to_neuron, weight)=(0, -6.06082057952880859375e+00) (1, -2.78985291719436645508e-01) (2, -3.65216404199600219727e-01) (0, -2.10685467720031738281e+00) (1, 2.52822756767272949219e-01) (2, 1.25865548849105834961e-01) (0, 2.61232423782348632812e+00) (1, 1.89795732498168945312e-01) (2, -3.51709306240081787109e-01) (0, 2.74063372611999511719e+00) (1, -2.37329483032226562500e-01) (2, -1.09717771410942077637e-01) (3, 5.40281438827514648438e+00) (4, 1.96103024482727050781e+00) (5, -2.34974837303161621094e+00) (6, -2.75739836692810058594e+00) (7, -7.14890301227569580078e-01) (3, 8.10807824134826660156e-01) (4, -1.71558365225791931152e-01) (5, -1.12521541118621826172e+00) (6, -3.64225000143051147461e-01) (7, 3.11574012041091918945e-01) (8, -6.68014669418334960938e+00) (9, -7.85195350646972656250e-01) (10, -1.08801051974296569824e-01) 
