FANN_FLO_2.1
num_layers=4
learning_rate=0.700000
connection_rate=1.000000
network_type=0
learning_momentum=0.000000
training_algorithm=2
train_error_function=1
train_stop_function=0
cascade_output_change_fraction=0.010000
quickprop_decay=-0.000100
quickprop_mu=1.750000
rprop_increase_factor=1.200000
rprop_decrease_factor=0.500000
rprop_delta_min=0.000000
rprop_delta_max=50.000000
rprop_delta_zero=0.100000
cascade_output_stagnation_epochs=12
cascade_candidate_change_fraction=0.010000
cascade_candidate_stagnation_epochs=12
cascade_max_out_epochs=150
cascade_min_out_epochs=50
cascade_max_cand_epochs=150
cascade_min_cand_epochs=50
cascade_num_candidate_groups=2
bit_fail_limit=3.49999994039535522461e-01
cascade_candidate_limit=1.00000000000000000000e+03
cascade_weight_multiplier=4.00000005960464477539e-01
cascade_activation_functions_count=10
cascade_activation_functions=3 5 7 8 10 11 14 15 16 17 
cascade_activation_steepnesses_count=4
cascade_activation_steepnesses=2.50000000000000000000e-01 5.00000000000000000000e-01 7.50000000000000000000e-01 1.00000000000000000000e+00 
layer_sizes=3 5 3 2 
scale_included=0
neurons (num_inputs, activation_function, activation_steepness)=(0, 0, 0.00000000000000000000e+00) (0, 0, 0.00000000000000000000e+00) (0, 0, 0.00000000000000000000e+00) (3, 4, 5.00000000000000000000e-01) (3, 4, 5.00000000000000000000e-01) (3, 4, 5.00000000000000000000e-01) (3, 4, 5.00000000000000000000e-01) (0, 0, 0.00000000000000000000e+00) (5, 4, 5.00000000000000000000e-01) (5, 4, 5.00000000000000000000e-01) (0, 0, 0.00000000000000000000e+00) (3, 4, 5.00000000000000000000e-01) (0, 0, 0.00000000000000000000e+00) 
connections (connected_to_neuron, weight)=(0, -5.37600755691528320312e+00) (1, -2.78985291719436645508e-01) (2, 3.50257128477096557617e-01) (0, -1.89902114868164062500e+00) (1, 2.52822756767272949219e-01) (2, 4.56885434687137603760e-02) (0, 2.30380964279174804688e+00) (1, 1.89795732498168945312e-01) (2, -2.41218760609626770020e-01) (0, 2.42626547813415527344e+00) (1, -2.37329483032226562500e-01) (2, 1.28970876336097717285e-01) (3, 5.00809812545776367188e+00) (4, 1.65251982212066650391e+00) (5, -2.13143253326416015625e+00) (6, -2.53036236763000488281e+00) (7, -8.61013650894165039062e-01) (3, 7.10753679275512695312e-01) (4, -2.55138427019119262695e-01) (5, -1.05515897274017333984e+00) (6, -2.91698753833770751953e-01) (7, 2.81393557786941528320e-01) (8, -5.67935228347778320312e+00) (9, -4.82685297727584838867e-01) (10, 1.41233028843998908997e-02) 
