FANN_FLO_2.1
num_layers=4
learning_rate=0.700000
connection_rate=1.000000
network_type=0
learning_momentum=0.000000
training_algorithm=2
train_error_function=1
train_stop_function=0
cascade_output_change_fraction=0.010000
quickprop_decay=-0.000100
quickprop_mu=1.750000
rprop_increase_factor=1.200000
rprop_decrease_factor=0.500000
rprop_delta_min=0.000000
rprop_delta_max=50.000000
rprop_delta_zero=0.100000
cascade_output_stagnation_epochs=12
cascade_candidate_change_fraction=0.010000
cascade_candidate_stagnation_epochs=12
cascade_max_out_epochs=150
cascade_min_out_epochs=50
cascade_max_cand_epochs=150
cascade_min_cand_epochs=50
cascade_num_candidate_groups=2
bit_fail_limit=3.49999994039535522461e-01
cascade_candidate_limit=1.00000000000000000000e+03
cascade_weight_multiplier=4.00000005960464477539e-01
cascade_activation_functions_count=10
cascade_activation_functions=3 5 7 8 10 11 14 15 16 17 
cascade_activation_steepnesses_count=4
cascade_activation_steepnesses=2.50000000000000000000e-01 5.00000000000000000000e-01 7.50000000000000000000e-01 1.00000000000000000000e+00 
layer_sizes=3 5 3 2 
scale_included=0
neurons (num_inputs, activation_function, activation_steepness)=(0, 0, 0.00000000000000000000e+00) (0, 0, 0.00000000000000000000e+00) (0, 0, 0.00000000000000000000e+00) (3, 4, 5.00000000000000000000e-01) (3, 4, 5.00000000000000000000e-01) (3, 4, 5.00000000000000000000e-01) (3, 4, 5.00000000000000000000e-01) (0, 0, 0.00000000000000000000e+00) (5, 4, 5.00000000000000000000e-01) (5, 4, 5.00000000000000000000e-01) (0, 0, 0.00000000000000000000e+00) (3, 4, 5.00000000000000000000e-01) (0, 0, 0.00000000000000000000e+00) 
connections (connected_to_neuron, weight)=(0, -6.08042764663696289062e+00) (1, -2.78985291719436645508e-01) (2, -4.44946587085723876953e-01) (0, -2.14853405952453613281e+00) (1, 2.52822756767272949219e-01) (2, 1.55077934265136718750e-01) (0, 2.69590497016906738281e+00) (1, 1.89795732498168945312e-01) (2, -4.36411291360855102539e-01) (0, 2.79139494895935058594e+00) (1, -2.37329483032226562500e-01) (2, -2.31617912650108337402e-01) (3, 5.50142526626586914062e+00) (4, 2.01990437507629394531e+00) (5, -2.41917252540588378906e+00) (6, -2.83020448684692382812e+00) (7, -7.13254511356353759766e-01) (3, 8.87420654296875000000e-01) (4, -1.11163832247257232666e-01) (5, -1.19842100143432617188e+00) (6, -4.40650790929794311523e-01) (7, 3.13298851251602172852e-01) (8, -6.89073276519775390625e+00) (9, -9.25585031509399414062e-01) (10, 3.20188291370868682861e-02) 
