FANN_FLO_2.1
num_layers=4
learning_rate=0.700000
connection_rate=1.000000
network_type=0
learning_momentum=0.000000
training_algorithm=2
train_error_function=1
train_stop_function=0
cascade_output_change_fraction=0.010000
quickprop_decay=-0.000100
quickprop_mu=1.750000
rprop_increase_factor=1.200000
rprop_decrease_factor=0.500000
rprop_delta_min=0.000000
rprop_delta_max=50.000000
rprop_delta_zero=0.100000
cascade_output_stagnation_epochs=12
cascade_candidate_change_fraction=0.010000
cascade_candidate_stagnation_epochs=12
cascade_max_out_epochs=150
cascade_min_out_epochs=50
cascade_max_cand_epochs=150
cascade_min_cand_epochs=50
cascade_num_candidate_groups=2
bit_fail_limit=3.49999994039535522461e-01
cascade_candidate_limit=1.00000000000000000000e+03
cascade_weight_multiplier=4.00000005960464477539e-01
cascade_activation_functions_count=10
cascade_activation_functions=3 5 7 8 10 11 14 15 16 17 
cascade_activation_steepnesses_count=4
cascade_activation_steepnesses=2.50000000000000000000e-01 5.00000000000000000000e-01 7.50000000000000000000e-01 1.00000000000000000000e+00 
layer_sizes=3 5 3 2 
scale_included=0
neurons (num_inputs, activation_function, activation_steepness)=(0, 0, 0.00000000000000000000e+00) (0, 0, 0.00000000000000000000e+00) (0, 0, 0.00000000000000000000e+00) (3, 4, 5.00000000000000000000e-01) (3, 4, 5.00000000000000000000e-01) (3, 4, 5.00000000000000000000e-01) (3, 4, 5.00000000000000000000e-01) (0, 0, 0.00000000000000000000e+00) (5, 4, 5.00000000000000000000e-01) (5, 4, 5.00000000000000000000e-01) (0, 0, 0.00000000000000000000e+00) (3, 4, 5.00000000000000000000e-01) (0, 0, 0.00000000000000000000e+00) 
connections (connected_to_neuron, weight)=(0, -6.08026027679443359375e+00) (1, -2.78985291719436645508e-01) (2, -4.44427639245986938477e-01) (0, -2.14912319183349609375e+00) (1, 2.52822756767272949219e-01) (2, 1.55842542648315429688e-01) (0, 2.69661474227905273438e+00) (1, 1.89795732498168945312e-01) (2, -4.36134904623031616211e-01) (0, 2.79230904579162597656e+00) (1, -2.37329483032226562500e-01) (2, -2.32017055153846740723e-01) (3, 5.49771690368652343750e+00) (4, 2.02089405059814453125e+00) (5, -2.41938805580139160156e+00) (6, -2.83038544654846191406e+00) (7, -7.12262690067291259766e-01) (3, 8.85890543460845947266e-01) (4, -1.12515635788440704346e-01) (5, -1.19888746738433837891e+00) (6, -4.41195845603942871094e-01) (7, 3.11287462711334228516e-01) (8, -6.88463497161865234375e+00) (9, -9.20454025268554687500e-01) (10, 3.97719703614711761475e-02) 
