FANN_FLO_2.1
num_layers=4
learning_rate=0.700000
connection_rate=1.000000
network_type=0
learning_momentum=0.000000
training_algorithm=2
train_error_function=1
train_stop_function=0
cascade_output_change_fraction=0.010000
quickprop_decay=-0.000100
quickprop_mu=1.750000
rprop_increase_factor=1.200000
rprop_decrease_factor=0.500000
rprop_delta_min=0.000000
rprop_delta_max=50.000000
rprop_delta_zero=0.100000
cascade_output_stagnation_epochs=12
cascade_candidate_change_fraction=0.010000
cascade_candidate_stagnation_epochs=12
cascade_max_out_epochs=150
cascade_min_out_epochs=50
cascade_max_cand_epochs=150
cascade_min_cand_epochs=50
cascade_num_candidate_groups=2
bit_fail_limit=3.49999994039535522461e-01
cascade_candidate_limit=1.00000000000000000000e+03
cascade_weight_multiplier=4.00000005960464477539e-01
cascade_activation_functions_count=10
cascade_activation_functions=3 5 7 8 10 11 14 15 16 17 
cascade_activation_steepnesses_count=4
cascade_activation_steepnesses=2.50000000000000000000e-01 5.00000000000000000000e-01 7.50000000000000000000e-01 1.00000000000000000000e+00 
layer_sizes=3 5 3 2 
scale_included=0
neurons (num_inputs, activation_function, activation_steepness)=(0, 0, 0.00000000000000000000e+00) (0, 0, 0.00000000000000000000e+00) (0, 0, 0.00000000000000000000e+00) (3, 4, 5.00000000000000000000e-01) (3, 4, 5.00000000000000000000e-01) (3, 4, 5.00000000000000000000e-01) (3, 4, 5.00000000000000000000e-01) (0, 0, 0.00000000000000000000e+00) (5, 4, 5.00000000000000000000e-01) (5, 4, 5.00000000000000000000e-01) (0, 0, 0.00000000000000000000e+00) (3, 4, 5.00000000000000000000e-01) (0, 0, 0.00000000000000000000e+00) 
connections (connected_to_neuron, weight)=(0, -2.03959226608276367188e-01) (1, 2.73637890815734863281e-01) (2, -1.68117165565490722656e-01) (0, 7.21034049987792968750e-01) (1, -4.96209591627120971680e-01) (2, -4.76927876472473144531e-01) (0, -5.89988410472869873047e-01) (1, 8.01599025726318359375e-02) (2, 3.70913028717041015625e-01) (0, -1.77890658378601074219e-02) (1, -3.00177335739135742188e-02) (2, -7.30172157287597656250e-01) (3, 2.94820547103881835938e-01) (4, 7.56319522857666015625e-01) (5, -7.07037091255187988281e-01) (6, 2.02232062816619873047e-01) (7, 1.42364859580993652344e-01) (3, 2.83310770988464355469e-01) (4, 4.10935759544372558594e-01) (5, 1.63432300090789794922e-01) (6, 6.67800784111022949219e-01) (7, 2.36487627029418945312e-01) (8, 3.17993402481079101562e-01) (9, -7.20996677875518798828e-01) (10, -5.97493529319763183594e-01) 